[BEGIN GENERAL]
## INFORMATION ##
# PREV_LEVEL LEVEL_PATH
# NEXT_LEVEL LEVEL_PATH
# REQUIRED_FLAGS NUMBER_OF_FLAGS_TO_WIN_LEVEL
# WATER [0|1]
# MUSIC VOLUME AUDIO_PATH
# BACKGROUND_BASE X Y IMAGE_PATH
# BACKGROUND_PARALLAX SPEED IMAGE_PATH # order doesn't matter

PREV_LEVEL levels/level2.txt
NEXT_LEVEL levels/level4.txt
REQUIRED_FLAGS 2
WATER 1
MUSIC 60 sounds/music-loop.wav # VOLUME[0-100] and FILE
BACKGROUND_BASE 304 240 images/parallax/00.png
BACKGROUND_PARALLAX 0.0333 images/parallax/01.png
BACKGROUND_PARALLAX 0.0666 images/parallax/02.png
BACKGROUND_PARALLAX 0.1 images/parallax/03.png
BACKGROUND_PARALLAX 0.1333 images/parallax/04.png
BACKGROUND_PARALLAX 0.1666 images/parallax/05.png
BACKGROUND_PARALLAX 0.2 images/parallax/06.png
BACKGROUND_PARALLAX 0.2333 images/parallax/07.png
BACKGROUND_PARALLAX 0.2666 images/parallax/08.png
BACKGROUND_PARALLAX 0.3 images/parallax/09.png
[END GENERAL]

[BEGIN TILEMAP]
POSITION -240 -96
DIMENSIONS 40 20
TILE_SIZE 16
BLOCK_SIZE 16
TILESHEET images/wasteland.png
TILESHEET_NUMTILES 4 7
[BEGIN TILES]
-1,-1,-1,-1,-1,-1,-1,-1,-1,-1,-1,-1,-1,-1,-1,-1,-1,-1,-1,-1,-1,-1,-1,-1,-1,-1,-1,-1,-1,-1,-1,-1,-1,-1,-1,-1,-1,-1,-1,-1
-1,-1,-1,-1,-1,-1,-1,-1,-1,-1,-1,-1,-1,-1,-1,-1,-1,-1,-1,-1,-1,-1,-1,-1,-1,-1,-1,-1,-1,-1,-1,-1,-1,-1,-1,-1,-1,-1,-1,-1
-1,-1,-1,-1,-1,-1,-1,-1,-1,-1,-1,-1,-1,-1,-1,-1,-1,-1,-1,-1,-1,-1,-1,-1,-1,-1,-1,-1,-1,-1,-1,-1,-1,-1,-1,-1,-1,-1,-1,-1
-1,-1,-1,-1,-1,-1,-1,-1,-1,-1,-1,-1,-1,-1,-1,-1,-1,-1,-1,-1,-1,-1,-1,-1,-1,-1,-1,-1,-1,-1,-1,-1,-1,-1,3,10,10,10,10,5
-1,-1,-1,-1,-1,-1,-1,-1,-1,-1,-1,-1,-1,-1,-1,-1,-1,-1,-1,-1,-1,-1,-1,-1,-1,-1,-1,-1,-1,-1,-1,-1,-1,-1,14,1,1,1,1,15
-1,-1,-1,-1,-1,-1,-1,-1,-1,-1,-1,-1,-1,-1,-1,-1,3,10,10,10,10,10,10,5,-1,-1,-1,-1,-1,-1,-1,-1,-1,-1,-1,-1,-1,-1,-1,-1
3,10,10,10,10,10,10,10,10,5,-1,-1,-1,-1,-1,-1,14,1,1,1,1,1,1,15,-1,-1,-1,-1,-1,-1,-1,-1,-1,-1,-1,-1,-1,-1,-1,-1
8,9,9,9,9,9,9,9,9,7,-1,-1,-1,-1,-1,-1,6,6,6,6,6,6,6,6,-1,-1,-1,-1,-1,-1,-1,-1,-1,-1,-1,-1,-1,-1,-1,-1
8,9,9,9,9,9,9,9,9,7,-1,-1,-1,-1,-1,-1,-1,-1,-1,-1,-1,-1,-1,-1,-1,-1,-1,-1,-1,-1,-1,-1,-1,-1,-1,-1,-1,-1,-1,-1
14,1,1,1,1,1,1,1,1,15,-1,-1,-1,-1,-1,-1,-1,-1,-1,-1,-1,-1,-1,-1,-1,-1,-1,-1,-1,-1,-1,-1,-1,-1,-1,-1,-1,-1,-1,-1
-1,-1,-1,-1,-1,-1,-1,-1,-1,-1,-1,-1,-1,-1,-1,-1,-1,-1,-1,-1,-1,-1,-1,-1,-1,-1,-1,-1,-1,-1,-1,-1,-1,-1,-1,-1,-1,-1,-1,-1
-1,-1,-1,-1,-1,-1,-1,-1,-1,-1,-1,-1,-1,-1,-1,-1,-1,-1,-1,-1,-1,-1,-1,-1,-1,-1,-1,-1,-1,-1,-1,-1,-1,-1,-1,-1,-1,-1,-1,-1
-1,-1,-1,-1,-1,-1,-1,-1,-1,-1,-1,-1,-1,-1,-1,-1,-1,-1,-1,-1,-1,-1,-1,-1,-1,-1,-1,-1,-1,-1,-1,-1,-1,-1,-1,-1,-1,-1,-1,-1
-1,-1,-1,-1,-1,-1,-1,-1,-1,-1,-1,-1,-1,-1,-1,-1,-1,6,6,6,6,6,6,6,-1,-1,-1,-1,-1,-1,-1,-1,-1,-1,-1,-1,-1,-1,-1,-1
-1,-1,-1,-1,-1,-1,-1,-1,-1,-1,-1,-1,-1,-1,-1,-1,-1,8,-1,-1,-1,-1,-1,-1,-1,-1,-1,-1,-1,-1,-1,-1,-1,-1,-1,-1,-1,-1,-1,-1
-1,-1,-1,-1,-1,-1,-1,-1,-1,-1,-1,-1,-1,-1,-1,-1,-1,-1,-1,-1,-1,-1,-1,-1,-1,-1,-1,-1,-1,-1,-1,-1,-1,-1,-1,-1,-1,-1,-1,-1
-1,-1,-1,-1,-1,-1,-1,-1,-1,-1,-1,-1,-1,-1,-1,-1,-1,-1,-1,-1,-1,-1,-1,-1,-1,-1,-1,-1,-1,-1,-1,-1,-1,-1,-1,-1,-1,-1,-1,-1
-1,-1,-1,-1,-1,-1,-1,-1,-1,-1,-1,-1,-1,-1,-1,-1,-1,-1,-1,-1,-1,-1,-1,-1,-1,-1,-1,-1,-1,-1,-1,-1,-1,-1,-1,-1,-1,-1,-1,-1
-1,-1,-1,-1,-1,-1,-1,-1,-1,-1,-1,-1,-1,-1,-1,-1,-1,-1,-1,-1,-1,-1,-1,-1,-1,-1,-1,-1,-1,-1,-1,-1,-1,-1,-1,-1,-1,-1,-1,-1
-1,-1,-1,-1,-1,-1,-1,-1,-1,-1,-1,-1,-1,-1,-1,-1,-1,-1,-1,-1,-1,-1,-1,-1,-1,-1,-1,-1,-1,-1,-1,-1,-1,-1,-1,-1,-1,-1,-1,-1
[END TILES]
[END TILEMAP]

[BEGIN OBJECTS]
## INFORMATION ##
# The ID dictamines the order of rendering!
# PLAYER ID X Y INVERSE[0|1]
# BOX ID X Y INVERSE[0|1]
# WALL ID X Y INVERSE[0|1]
# CACTUS ID X Y ORIENTATION[0|1|2|3]
# LEVER ID X Y ORIENTATION[0|1|2|3] DEFAULT_ACTIVE LINKED_ID1 LINKED_ID2 LINKED_ID3 ...
# FLAG ID X Y INVERSE[0|1] LEVEL_TO_LOAD
# TEXT ID X Y FONT_PATH SIZE R G B A TEXTSTRING
# WATER ID X Y

FLAG 0 -220 -40 0 levels/level4.txt
FLAG 1 -220 88 1 levels/level4.txt
BOX 2 80 -80 0
WALL 3 120 135 1
WALL 4 120 167 1
WALL 5 120 199 1
WALL 6 88 199 1
WALL 7 56 199 1
WALL 8 56 167 1
WALL 9 56 135 1
LEVER 10 332 -64 0 1 3 4 5 6 7 8 9
WALL 11 -130 -56 0
WALL 12 -130 -24 0
WALL 13 -130 -88 0
WALL 14 -130 72 1
WALL 15 -130 104 1
WALL 16 -130 136 1
LEVER 17 40 32 2 1 11 12 13 14 15 16
PLAYER 18 100 -104 0
PLAYER 19 88 135 1
WATER 20 0 0
[END OBJECTS]